0
111111100
111111101
111111110
1011101
1011110
1011111
1011110



1011101
11100000
11100001
101001
111111111



110101



110101
1101101
101010



11100010
0
0
101011


10000000
11100011
11100000
101001
1101110
10000001
10000010
0
0
10000011
11100100
11100101
11100110
11100111
10000100
0
0
0
0
0
1100000
1100001
1100001
110101
110101
0
0
0
10000101
1101101
101010
0
0
101001
1101110
10000110
11101000
1100010
101100
0
1100011
101101
0
0
11101001
0
0
0
10000111
0
0
1011101
0
1101111
1101111
0
1100100
11101010
10001000
11100110
11101011
101100
0
101010
1100101
10001001
1100010
0
0
1011110
1101101
1100000
0
0
11101100
0
0
1100110
10001010
0
1100110
11101101
0
1011111
10001011
0
0
0
10001100
11100010
0
10001101
0
0
0
0
11100100
0
0
1101110
0
0
0
0
0
0
0
11101110
10001110
11101111
0
11110000
0
0
10001111
0
0
0
0
11110001
0
11101100
0
0
1100111
1101000
11110001
10010000
11110010
1100100
11110011
10010001
0
0
10010010
101011
0
1100100
10010011
11110100
11100011
1101000
0
110101
0
0
101010
101100
11101111
0
101101
11110100
101100
1100101
11110000
0
0
0
10010100
1101110
0
0
0
11110101
0
0
11110110
10010101
11100101
1101001
10010110
11100111
10010111
0
10011000
11110111
1101001
0
1011111
0
0
0
0
10011001
0
1100101
1101001
11110011
0
11110110
110101
0
1101101
0
1100000
10011010
1101100
10011011
10011100
0
11101101
1100010
0
101100
11101011
0
0
0
11111000
11111001
11111001
0
0
0
0
0
11111010
1100110
101001
11111011
0
0
0
0
101101
0
1100011
1101111
10011101
10011110
11110101
1100011
11111010
0
10011111
0
10100000
101101
10100001
0
0
0
0
0
11101110
0
0
0
0
0
10100010
101011
0
0
0
0
11111000
11111100
11111100
0
1101100
0
11111011
0
0
0
101101
11100001
11110010
1100111
11101000
0
1100111
11110111
10100011
0
1101000
0
101011
0
0
0
0
1101111
0
0
101001
1100001
110101
0
101011
101010
10111000
11101010
10111001
0
0
11111101
0
11111101
0
1101100
0
0
0
0
0
0
11101001
0
0




